HEADER::
File type  : rtl
Owner      : Linear
Version no : V20.02.01

TARGET DATA::
Filetype  : ISO
Target-count: 11
Targets :
0.000000  50.000000  100.000000  150.000000  200.000000 
250.000000  300.000000  350.000000  400.000000  450.000000 
500.000000 
Flags: 0 0 2 1

USER-TEXT::
Станок/КИМ:             
Серийный номер:         
Дата:2021-10-06 09:25:38
Оператор:               
Ось:                    
Расположение:           
НАЗВАНИЕ:                        

RUNS::
Run-count:6

DEVIATIONS::
Run Target Data:
1   1       0.000
1   2      -0.600
1   3       0.600
1   4       3.100
1   5       6.500
1   6       2.000
1   7       1.800
1   8       0.300
1   9      -0.900
1   10      5.600
1   11      7.500
2   11      8.100
2   10      4.000
2   9      -4.900
2   8      -6.700
2   7      -8.900
2   6     -10.600
2   5     -14.200
2   4     -22.800
2   3     -31.400
2   2     -42.800
2   1     -42.700
3   1     -42.600
3   2     -43.000
3   3     -41.300
3   4     -38.900
3   5     -35.400
3   6     -39.600
3   7     -39.700
3   8     -41.500
3   9     -43.100
3   10    -36.400
3   11    -34.100
4   11    -33.600
4   10    -36.200
4   9     -44.600
4   8     -51.400
4   7     -55.600
4   6     -57.500
4   5     -55.200
4   4     -60.700
4   3     -69.500
4   2     -79.100
4   1     -82.900
5   1     -82.800
5   2     -83.200
5   3     -81.600
5   4     -78.700
5   5     -75.100
5   6     -79.400
5   7     -79.500
5   8     -81.300
5   9     -82.900
5   10    -76.400
5   11    -73.900
6   11    -73.300
6   10    -78.200
6   9     -84.900
6   8     -83.200
6   7     -81.300
6   6     -81.400
6   5     -77.000
6   4     -80.700
6   3     -83.600
6   2     -85.100
6   1     -84.900

ENVIRONMENT::
Air temp   : 22.187498 22.492186 0
Air press  : 102.300000 102.320000 0
Air humid  : 39.671870 40.036999
Mat temp 1 : 22.023436 22.023436 0
Mat temp 2 : -10.000000 -10.000000 0
Mat temp 3 : -10.000000 -10.000000 0
Env factor : 0.31640176 0.31640183
Exp coeff  : 11.700000 11.700000 0
Date Time  : "2021-10-06 09:26:2" "2021-10-06 09:43:2"
Final Data : 1 1

EOF::
